Sample:	Th17 count	Th17 % of CD4	Th17 TBET+ count	Th17 TBET+ % of Th17	Th17 TBET+ % of CD4
R1_T1_BC1.fcs	1770	4.01	564	31.9	1.28
R1_T1_BC2.fcs	1640	3.78	517	31.5	1.19
R1_T1_BC3.fcs	596	3.21	155	26.0	0.83
R1_T1_BC4.fcs	1169	3.83	370	31.7	1.21
R1_T1_BC9.fcs	144	3.89	89.0	61.8	2.40
R1_T1_BC10.fcs	147	3.93	92.0	62.6	2.46
R1_T1_BC11.fcs	2122	7.44	780	36.8	2.74
R1_T1_BC12.fcs	2169	7.22	683	31.5	2.27
R1_T1_BC13.fcs	591	3.54	162	27.4	0.97
R1_T1_BC14.fcs	1264	2.89	304	24.1	0.70
R1_T2_BC3.fcs	2004	4.89	646	32.2	1.57
R1_T2_BC4.fcs	3826	5.80	1382	36.1	2.10
R1_T2_BC5.fcs	1325	7.37	310	23.4	1.72
R1_T2_BC6.fcs	2954	6.79	813	27.5	1.87
R1_T2_BC7.fcs	948	11.4	383	40.4	4.59
R1_T2_BC8.fcs	1404	9.60	509	36.3	3.48
R1_T2_BC9.fcs	716	2.94	100	14.0	0.41
R1_T2_BC10.fcs	1897	6.87	637	33.6	2.31
R1_T2_BC11.fcs	3039	7.61	1070	35.2	2.68
R1_T2_BC12.fcs	8344	7.34	2992	35.9	2.63
R1_T3_BC3.fcs	1043	9.34	531	50.9	4.75
R1_T3_BC4.fcs	4547	15.1	2070	45.5	6.89
R1_T3_BC7.fcs	1042	6.47	430	41.3	2.67
R1_T3_BC8.fcs	2012	8.18	909	45.2	3.69
R1_T3_BC9.fcs	1446	6.55	683	47.2	3.09
R1_T3_BC10.fcs	1460	6.57	689	47.2	3.10
R1_T3_BC11.fcs	2266	5.89	996	44.0	2.59
R1_T3_BC13.fcs	519	10.3	208	40.1	4.11
R1_T3_BC14.fcs	3140	9.98	1444	46.0	4.59
R1_T3_BC15.fcs	2145	7.34	835	38.9	2.86
R1_T4_BC3.fcs	7378	11.0	2664	36.1	3.97
R1_T4_BC4.fcs	9988	11.0	3881	38.9	4.29
R1_T4_BC5.fcs	1494	10.1	640	42.8	4.31
R1_T4_BC6.fcs	102	13.2	41.0	40.2	5.31
R1_T4_BC7.fcs	2467	8.54	789	32.0	2.73
R1_T4_BC8.fcs	1499	8.48	481	32.1	2.72
R1_T4_BC9.fcs	732	14.2	377	51.5	7.31
R1_T4_BC10.fcs	736	14.2	379	51.5	7.30
R1_T4_BC13.fcs	2606	12.5	1122	43.1	5.36
R1_T4_BC14.fcs	3808	13.1	1532	40.2	5.27
R1_T4_BC15.fcs	3268	18.5	1710	52.3	9.70
R2_T1_BC1.fcs	323	3.67	94.0	29.1	1.07
R2_T1_BC2.fcs	45.0	3.19	14.0	31.1	0.99
R2_T1_BC5.fcs	1263	4.87	368	29.1	1.42
R2_T1_BC6.fcs	990	4.48	339	34.2	1.53
R2_T1_BC7.fcs	511	2.51	175	34.2	0.86
R2_T1_BC8.fcs	378	4.54	159	42.1	1.91
R2_T1_BC9.fcs	1105	4.54	398	36.0	1.63
R2_T1_BC10.fcs	380	3.63	127	33.4	1.21
R2_T1_BC11.fcs	458	4.36	160	34.9	1.52
R2_T1_BC12.fcs	755	4.44	323	42.8	1.90
R2_T1_BC13.fcs	172	7.35	66.0	38.4	2.82
R2_T1_BC14.fcs	62.0	8.58	15.0	24.2	2.07
R2_T1_BC17.fcs	637	3.72	152	23.9	0.89
R2_T1_BC18.fcs	922	4.73	253	27.4	1.30
R2_T1_BC19.fcs	518	8.41	138	26.6	2.24
R2_T1_BC20.fcs	566	4.32	137	24.2	1.05
R2_T1_BC21.fcs	667	2.45	195	29.2	0.72
R2_T1_BC22.fcs	699	4.12	200	28.6	1.18
R2_T1_BC23.fcs	924	6.86	330	35.7	2.45
R2_T1_BC24.fcs	1108	5.13	470	42.4	2.18
R2_T1_BC27.fcs	1976	4.70	453	22.9	1.08
R2_T1_BC28.fcs	2596	7.62	532	20.5	1.56
R2_T1_BC29.fcs	775	2.40	170	21.9	0.53
R2_T1_BC30.fcs	1547	4.32	379	24.5	1.06
R2_T1_BC33.fcs	1503	7.45	441	29.3	2.19
R2_T1_BC34.fcs	583	7.42	173	29.7	2.20
R2_T1_BC35.fcs	1079	4.00	299	27.7	1.11
R2_T2_BC3.fcs	849	4.62	372	43.8	2.02
R2_T2_BC4.fcs	600	7.02	288	48.0	3.37
R2_T2_BC7.fcs	502	2.73	203	40.4	1.10
R2_T2_BC8.fcs	340	1.69	128	37.6	0.64
R2_T2_BC11.fcs	604	3.70	288	47.7	1.76
R2_T2_BC12.fcs	493	3.79	197	40.0	1.52
R2_T2_BC15.fcs	663	4.42	243	36.7	1.62
R2_T2_BC16.fcs	585	5.63	203	34.7	1.95
R2_T2_BC21.fcs	856	2.63	247	28.9	0.76
R2_T2_BC22.fcs	1411	7.83	535	37.9	2.97
R2_T2_BC25.fcs	1246	3.65	512	41.1	1.50
R2_T2_BC26.fcs	895	4.17	389	43.5	1.81
R2_T2_BC27.fcs	457	12.8	236	51.6	6.61
R2_T2_BC28.fcs	333	4.86	164	49.2	2.39
R2_T2_BC31.fcs	321	2.34	119	37.1	0.87
R2_T2_BC32.fcs	272	2.55	104	38.2	0.97
R2_T2_BC33.fcs	438	6.00	173	39.5	2.37
R2_T2_BC34.fcs	928	4.65	363	39.1	1.82
R2_T2_BC35.fcs	17.0	2.52	4.00	23.5	0.59
R2_T3_BC3.fcs	499	4.14	149	29.9	1.24
R2_T3_BC4.fcs	700	3.97	213	30.4	1.21
R2_T3_BC5.fcs	884	7.68	490	55.4	4.26
R2_T3_BC6.fcs	423	5.31	273	64.5	3.43
R2_T3_BC9.fcs	560	3.01	248	44.3	1.33
R2_T3_BC13.fcs	1133	5.57	425	37.5	2.09
R2_T3_BC16.fcs	743	3.65	252	33.9	1.24
R2_T3_BC18.fcs	554	7.61	172	31.0	2.36
R2_T3_BC19.fcs	614	7.83	283	46.1	3.61
R2_T3_BC20.fcs	553	7.99	241	43.6	3.48
R2_T3_BC21.fcs	429	4.31	184	42.9	1.85
R2_T3_BC22.fcs	1687	6.54	668	39.6	2.59
R2_T3_BC27.fcs	424	4.23	191	45.0	1.90
R2_T3_BC28.fcs	879	5.66	350	39.8	2.26
R2_T4_BC4.fcs	316	2.92	94.0	29.7	0.87
R2_T4_BC5.fcs	206	8.53	83.0	40.3	3.44
R2_T4_BC6.fcs	719	3.78	205	28.5	1.08
R2_T4_BC7.fcs	286	2.96	95.0	33.2	0.98
R2_T4_BC8.fcs	384	2.23	108	28.1	0.63
R2_T4_BC9.fcs	554	6.01	157	28.3	1.70
R2_T4_BC14.fcs	788	12.2	187	23.7	2.89
R2_T4_BC15.fcs	299	11.9	87.0	29.1	3.46
R2_T4_BC18.fcs	335	2.42	72.0	21.5	0.52
R2_T4_BC19.fcs	288	2.33	93.0	32.3	0.75
R2_T4_BC20.fcs	461	4.18	134	29.1	1.22
R2_T4_BC21.fcs	529	4.71	107	20.2	0.95
R2_T4_BC22.fcs	1204	4.00	398	33.1	1.32
R2_T4_BC23.fcs	1607	6.23	506	31.5	1.96
R2_T4_BC26.fcs	1629	2.99	582	35.7	1.07
R2_T4_BC27.fcs	974	2.52	336	34.5	0.87
R2_T4_BC28.fcs	17.0	4.47	2.00	11.8	0.53
R2_T4_BC29.fcs	63.0	4.17	23.0	36.5	1.52
R2_T4_BC32.fcs	2218	4.19	564	25.4	1.06
R2_T4_BC33.fcs	1681	5.35	370	22.0	1.18
R2_T4_BC34.fcs	567	8.32	245	43.2	3.59
R2_T4_BC35.fcs	718	3.52	287	40.0	1.41
R3_T1_BC11.fcs	598	6.42	131	21.9	1.41
R3_T1_BC12.fcs	324	3.69	66.0	20.4	0.75
R3_T1_BC16.fcs	978	12.2	304	31.1	3.79
R3_T1_BC17.fcs	682	9.40	181	26.5	2.49
R3_T1_BC18.fcs	305	9.67	82.0	26.9	2.60
R3_T1_BC19.fcs	417	8.74	116	27.8	2.43
R3_T1_BC22.fcs	1029	7.41	350	34.0	2.52
R3_T1_BC23.fcs	1156	5.89	440	38.1	2.24
R3_T1_BC32.fcs	1819	11.0	407	22.4	2.46
R3_T1_BC33.fcs	1608	11.5	541	33.6	3.87
R3_T1_BC34.fcs	1987	8.63	467	23.5	2.03
R3_T1_BC35.fcs	1050	6.99	234	22.3	1.56
R3_T2_BC1.fcs	1293	9.28	1160	89.7	8.33
R3_T2_BC2.fcs	487	8.59	427	87.7	7.53
R3_T2_BC3.fcs	1276	8.91	1119	87.7	7.81
R3_T2_BC6.fcs	419	12.3	365	87.1	10.7
R3_T2_BC7.fcs	472	12.3	439	93.0	11.4
R3_T2_BC14.fcs	1353	5.81	1193	88.2	5.12
R3_T2_BC15.fcs	548	5.37	516	94.2	5.05
R3_T2_BC30.fcs	1415	12.6	1324	93.6	11.8
R3_T2_BC31.fcs	3881	11.4	3429	88.4	10.1
R3_T2_BC32.fcs	943	8.83	846	89.7	7.92
R3_T2_BC33.fcs	2415	14.3	2167	89.7	12.8
R3_T2_BC34.fcs	821	18.1	730	88.9	16.1
R3_T2_BC35.fcs	2962	11.7	2591	87.5	10.2
R3_T3_BC1.fcs	1263	10.0	620	49.1	4.93
R3_T3_BC3.fcs	333	12.7	128	38.4	4.90
R3_T3_BC11.fcs	1855	13.4	966	52.1	6.98
R3_T3_BC12.fcs	536	18.8	336	62.7	11.8
R3_T3_BC13.fcs	1398	13.9	768	54.9	7.63
R3_T3_BC14.fcs	3242	11.4	1072	33.1	3.77
R3_T3_BC15.fcs	2955	15.3	1117	37.8	5.77
R3_T3_BC16.fcs	791	33.2	436	55.1	18.3
R3_T3_BC17.fcs	1095	10.1	437	39.9	4.05
R3_T3_BC18.fcs	1929	8.21	851	44.1	3.62
R3_T3_BC19.fcs	3666	11.2	1635	44.6	5.00
R3_T3_BC20.fcs	1851	13.9	793	42.8	5.96
R3_T3_BC21.fcs	2602	11.9	1112	42.7	5.10
R3_T3_BC22.fcs	2486	14.5	1138	45.8	6.65
R3_T3_BC23.fcs	5130	12.4	2067	40.3	5.01
R3_T3_BC26.fcs	1907	11.8	804	42.2	4.96
R3_T3_BC27.fcs	958	9.62	415	43.3	4.17
R3_T3_BC28.fcs	697	8.89	289	41.5	3.69
R3_T3_BC29.fcs	1967	5.10	746	37.9	1.93
R3_T3_BC32.fcs	3362	20.4	1462	43.5	8.88
R3_T3_BC33.fcs	3301	24.5	1372	41.6	10.2
R3_T4_BC7.fcs	206	5.88	101	49.0	2.88
R3_T4_BC8.fcs	491	12.2	243	49.5	6.05
R3_T4_BC13.fcs	823	8.27	384	46.7	3.86
R3_T4_BC14.fcs	414	6.60	195	47.1	3.11
R3_T4_BC17.fcs	1504	9.17	538	35.8	3.28
R3_T4_BC18.fcs	772	8.39	266	34.5	2.89
R3_T4_BC19.fcs	483	8.16	293	60.7	4.95
R3_T4_BC20.fcs	781	8.28	482	61.7	5.11
R3_T4_BC25.fcs	219	8.40	102	46.6	3.91
R3_T4_BC26.fcs	211	6.67	113	53.6	3.57
R3_T4_BC27.fcs	1054	11.2	538	51.0	5.70
R3_T4_BC28.fcs	584	9.98	335	57.4	5.72
R3_T4_BC29.fcs	301	5.18	146	48.5	2.51
R3_T4_BC30.fcs	224	5.38	106	47.3	2.54
R3_T4_BC31.fcs	146	5.05	59.0	40.4	2.04
R3_T4_BC32.fcs	173	3.15	91.0	52.6	1.66
R3_T4_BC33.fcs	403	5.81	163	40.4	2.35
R3_T4_BC34.fcs	491	7.69	194	39.5	3.04
R3_T4_BC35.fcs	606	7.26	242	39.9	2.90
R3_T5_BC1.fcs	627	5.87	247	39.4	2.31
R3_T5_BC2.fcs	933	5.60	351	37.6	2.11
R3_T5_BC5.fcs	1115	6.65	334	30.0	1.99
R3_T5_BC7.fcs	1800	8.32	602	33.4	2.78
R3_T5_BC8.fcs	749	7.79	195	26.0	2.03
R3_T5_BC9.fcs	663	3.05	209	31.5	0.96
R3_T5_BC13.fcs	376	14.1	110	29.3	4.12
R3_T5_BC14.fcs	523	3.18	220	42.1	1.34
R3_T5_BC18.fcs	483	7.85	124	25.7	2.02
R3_T5_BC22.fcs	286	3.19	119	41.6	1.33
R3_T5_BC24.fcs	3510	8.63	1914	54.5	4.71
R3_T5_BC25.fcs	674	3.61	186	27.6	1.00
R3_T5_BC27.fcs	857	15.5	412	48.1	7.45
R3_T5_BC28.fcs	913	6.77	361	39.5	2.68
R3_T5_BC29.fcs	798	4.41	204	25.6	1.13
R3_T5_BC32.fcs	327	5.52	112	34.3	1.89
R3_T5_BC33.fcs	988	6.09	294	29.8	1.81
R3_T5_BC34.fcs	547	7.98	199	36.4	2.90
Mean	1222	7.49	506	40.6	3.29
SD	1297	4.30	587	16.0	2.83
