Sample:	Th1 count	Th1 % of CD4	Th2 count	Th2 % of CD4
R1_T1_BC1.fcs	971	2.20	4631	10.5
R1_T1_BC2.fcs	739	1.70	4758	11.0
R1_T1_BC3.fcs	348	1.87	1515	8.16
R1_T1_BC4.fcs	459	1.50	3442	11.3
R1_T1_BC9.fcs	90.0	2.43	263	7.10
R1_T1_BC10.fcs	92.0	2.46	268	7.17
R1_T1_BC11.fcs	607	2.13	7379	25.9
R1_T1_BC12.fcs	545	1.81	7306	24.3
R1_T1_BC13.fcs	315	1.89	1818	10.9
R1_T1_BC14.fcs	689	1.58	4366	9.99
R1_T2_BC3.fcs	1256	3.06	5456	13.3
R1_T2_BC4.fcs	1915	2.90	9130	13.8
R1_T2_BC5.fcs	369	2.05	1274	7.09
R1_T2_BC6.fcs	880	2.02	3938	9.05
R1_T2_BC7.fcs	369	4.42	1729	20.7
R1_T2_BC8.fcs	397	2.71	3269	22.3
R1_T2_BC9.fcs	407	1.67	3371	13.8
R1_T2_BC10.fcs	953	3.45	6584	23.8
R1_T2_BC11.fcs	928	2.33	7098	17.8
R1_T2_BC12.fcs	2812	2.47	25469	22.4
R1_T3_BC3.fcs	356	3.19	2289	20.5
R1_T3_BC4.fcs	696	2.32	9460	31.5
R1_T3_BC7.fcs	620	3.85	2784	17.3
R1_T3_BC8.fcs	699	2.84	5142	20.9
R1_T3_BC9.fcs	693	3.14	5465	24.8
R1_T3_BC10.fcs	702	3.16	5503	24.8
R1_T3_BC11.fcs	1456	3.78	9257	24.1
R1_T3_BC13.fcs	194	3.83	1114	22.0
R1_T3_BC14.fcs	888	2.82	7501	23.9
R1_T3_BC15.fcs	737	2.52	6394	21.9
R1_T4_BC3.fcs	5408	8.05	13665	20.3
R1_T4_BC4.fcs	7282	8.05	18986	21.0
R1_T4_BC5.fcs	1040	7.00	4520	30.4
R1_T4_BC6.fcs	50.0	6.48	252	32.6
R1_T4_BC7.fcs	2299	7.96	6739	23.3
R1_T4_BC8.fcs	1265	7.15	4161	23.5
R1_T4_BC9.fcs	384	7.45	1959	38.0
R1_T4_BC10.fcs	386	7.44	1970	38.0
R1_T4_BC13.fcs	2148	10.3	5416	25.9
R1_T4_BC14.fcs	2611	8.98	7319	25.2
R1_T4_BC15.fcs	1232	6.99	5356	30.4
R2_T1_BC1.fcs	330	3.75	1279	14.5
R2_T1_BC2.fcs	47.0	3.33	131	9.28
R2_T1_BC5.fcs	473	1.82	3456	13.3
R2_T1_BC6.fcs	439	1.99	3114	14.1
R2_T1_BC7.fcs	484	2.38	2109	10.4
R2_T1_BC8.fcs	204	2.45	1094	13.2
R2_T1_BC9.fcs	506	2.08	5485	22.5
R2_T1_BC10.fcs	254	2.43	2382	22.8
R2_T1_BC11.fcs	273	2.60	2700	25.7
R2_T1_BC12.fcs	489	2.87	4493	26.4
R2_T1_BC13.fcs	56.0	2.39	396	16.9
R2_T1_BC14.fcs	8.00	1.11	128	17.7
R2_T1_BC17.fcs	379	2.21	2685	15.7
R2_T1_BC18.fcs	472	2.42	3594	18.4
R2_T1_BC19.fcs	152	2.47	1236	20.1
R2_T1_BC20.fcs	318	2.43	2678	20.4
R2_T1_BC21.fcs	422	1.55	4105	15.1
R2_T1_BC22.fcs	245	1.44	3561	21.0
R2_T1_BC23.fcs	241	1.79	2294	17.0
R2_T1_BC24.fcs	494	2.29	3031	14.0
R2_T1_BC27.fcs	560	1.33	5879	14.0
R2_T1_BC28.fcs	553	1.62	4577	13.4
R2_T1_BC29.fcs	363	1.12	3067	9.48
R2_T1_BC30.fcs	441	1.23	5480	15.3
R2_T1_BC33.fcs	419	2.08	5370	26.6
R2_T1_BC34.fcs	208	2.65	2135	27.2
R2_T1_BC35.fcs	660	2.45	6063	22.5
R2_T2_BC3.fcs	511	2.78	2987	16.3
R2_T2_BC4.fcs	182	2.13	1499	17.5
R2_T2_BC7.fcs	616	3.35	2824	15.3
R2_T2_BC8.fcs	499	2.49	2876	14.3
R2_T2_BC11.fcs	265	1.62	1319	8.08
R2_T2_BC12.fcs	186	1.43	1126	8.66
R2_T2_BC15.fcs	374	2.49	2318	15.5
R2_T2_BC16.fcs	245	2.36	1905	18.3
R2_T2_BC21.fcs	502	1.54	4418	13.6
R2_T2_BC22.fcs	471	2.61	5602	31.1
R2_T2_BC25.fcs	1170	3.43	3610	10.6
R2_T2_BC26.fcs	813	3.79	2671	12.4
R2_T2_BC27.fcs	88.0	2.46	862	24.1
R2_T2_BC28.fcs	288	4.20	1432	20.9
R2_T2_BC31.fcs	325	2.37	1029	7.49
R2_T2_BC32.fcs	357	3.34	834	7.81
R2_T2_BC33.fcs	243	3.33	1308	17.9
R2_T2_BC34.fcs	989	4.96	4133	20.7
R2_T2_BC35.fcs	131	19.4	178	26.4
R2_T3_BC3.fcs	271	2.25	2354	19.5
R2_T3_BC4.fcs	444	2.52	2795	15.8
R2_T3_BC5.fcs	623	5.41	2146	18.6
R2_T3_BC6.fcs	516	6.48	1194	15.0
R2_T3_BC9.fcs	465	2.50	2808	15.1
R2_T3_BC13.fcs	457	2.25	4904	24.1
R2_T3_BC16.fcs	631	3.10	3095	15.2
R2_T3_BC18.fcs	339	4.65	2326	31.9
R2_T3_BC19.fcs	261	3.33	2026	25.8
R2_T3_BC20.fcs	206	2.98	1996	28.9
R2_T3_BC21.fcs	212	2.13	2392	24.0
R2_T3_BC22.fcs	701	2.72	7272	28.2
R2_T3_BC27.fcs	228	2.27	2298	22.9
R2_T3_BC28.fcs	321	2.07	3955	25.5
R2_T4_BC4.fcs	240	2.22	1354	12.5
R2_T4_BC5.fcs	98.0	4.06	516	21.4
R2_T4_BC6.fcs	268	1.41	2495	13.1
R2_T4_BC7.fcs	85.0	0.88	972	10.1
R2_T4_BC8.fcs	518	3.01	2117	12.3
R2_T4_BC9.fcs	248	2.69	1851	20.1
R2_T4_BC14.fcs	194	3.00	1925	29.7
R2_T4_BC15.fcs	91.0	3.62	993	39.5
R2_T4_BC18.fcs	231	1.67	1483	10.7
R2_T4_BC19.fcs	190	1.54	1265	10.2
R2_T4_BC20.fcs	251	2.28	2579	23.4
R2_T4_BC21.fcs	210	1.87	2003	17.8
R2_T4_BC22.fcs	544	1.81	4261	14.1
R2_T4_BC23.fcs	390	1.51	3476	13.5
R2_T4_BC26.fcs	722	1.33	6145	11.3
R2_T4_BC27.fcs	588	1.52	4647	12.0
R2_T4_BC28.fcs	14.0	3.68	47.0	12.4
R2_T4_BC29.fcs	88.0	5.83	267	17.7
R2_T4_BC32.fcs	1000	1.89	8340	15.7
R2_T4_BC33.fcs	484	1.54	5516	17.6
R2_T4_BC34.fcs	229	3.36	1607	23.6
R2_T4_BC35.fcs	591	2.89	3405	16.7
R3_T1_BC11.fcs	97.0	1.04	1083	11.6
R3_T1_BC12.fcs	42.0	0.48	532	6.06
R3_T1_BC16.fcs	135	1.68	1002	12.5
R3_T1_BC17.fcs	147	2.03	892	12.3
R3_T1_BC18.fcs	41.0	1.30	368	11.7
R3_T1_BC19.fcs	52.0	1.09	469	9.83
R3_T1_BC22.fcs	250	1.80	1781	12.8
R3_T1_BC23.fcs	339	1.73	1793	9.14
R3_T1_BC32.fcs	156	0.94	3176	19.2
R3_T1_BC33.fcs	180	1.29	3503	25.0
R3_T1_BC34.fcs	184	0.80	2996	13.0
R3_T1_BC35.fcs	115	0.77	2029	13.5
R3_T2_BC1.fcs	416	2.99	2412	17.3
R3_T2_BC2.fcs	139	2.45	1189	21.0
R3_T2_BC3.fcs	552	3.85	3789	26.5
R3_T2_BC6.fcs	126	3.69	774	22.7
R3_T2_BC7.fcs	202	5.25	1025	26.7
R3_T2_BC14.fcs	880	3.78	3717	16.0
R3_T2_BC15.fcs	798	7.82	2412	23.6
R3_T2_BC30.fcs	642	5.71	3253	28.9
R3_T2_BC31.fcs	1205	3.54	5519	16.2
R3_T2_BC32.fcs	403	3.77	1584	14.8
R3_T2_BC33.fcs	549	3.25	2770	16.4
R3_T2_BC34.fcs	229	5.05	1496	33.0
R3_T2_BC35.fcs	996	3.93	5595	22.1
R3_T3_BC1.fcs	591	4.70	3158	25.1
R3_T3_BC3.fcs	98.0	3.75	436	16.7
R3_T3_BC11.fcs	498	3.60	2850	20.6
R3_T3_BC12.fcs	214	7.51	697	24.5
R3_T3_BC13.fcs	456	4.53	1997	19.8
R3_T3_BC14.fcs	1045	3.67	5142	18.1
R3_T3_BC15.fcs	579	2.99	3397	17.5
R3_T3_BC16.fcs	268	11.2	1508	63.3
R3_T3_BC17.fcs	246	2.28	1609	14.9
R3_T3_BC18.fcs	781	3.32	1935	8.24
R3_T3_BC19.fcs	1215	3.71	4782	14.6
R3_T3_BC20.fcs	599	4.50	2296	17.2
R3_T3_BC21.fcs	753	3.45	3395	15.6
R3_T3_BC22.fcs	543	3.17	3178	18.6
R3_T3_BC23.fcs	1024	2.48	6626	16.1
R3_T3_BC26.fcs	528	3.26	3338	20.6
R3_T3_BC27.fcs	260	2.61	1631	16.4
R3_T3_BC28.fcs	177	2.26	967	12.3
R3_T3_BC29.fcs	905	2.35	3716	9.63
R3_T3_BC32.fcs	546	3.32	2563	15.6
R3_T3_BC33.fcs	418	3.10	2428	18.0
R3_T4_BC7.fcs	139	3.97	354	10.1
R3_T4_BC8.fcs	237	5.90	1216	30.3
R3_T4_BC13.fcs	373	3.75	1302	13.1
R3_T4_BC14.fcs	261	4.16	974	15.5
R3_T4_BC17.fcs	459	2.80	1651	10.1
R3_T4_BC18.fcs	255	2.77	893	9.71
R3_T4_BC19.fcs	224	3.78	487	8.23
R3_T4_BC20.fcs	343	3.63	975	10.3
R3_T4_BC25.fcs	152	5.83	401	15.4
R3_T4_BC26.fcs	162	5.12	299	9.45
R3_T4_BC27.fcs	373	3.95	876	9.29
R3_T4_BC28.fcs	188	3.21	561	9.58
R3_T4_BC29.fcs	213	3.67	440	7.57
R3_T4_BC30.fcs	177	4.25	384	9.22
R3_T4_BC31.fcs	134	4.63	367	12.7
R3_T4_BC32.fcs	243	4.42	815	14.8
R3_T4_BC33.fcs	267	3.85	858	12.4
R3_T4_BC34.fcs	226	3.54	841	13.2
R3_T4_BC35.fcs	271	3.25	1196	14.3
R3_T5_BC1.fcs	280	2.62	1096	10.3
R3_T5_BC2.fcs	471	2.82	2324	13.9
R3_T5_BC5.fcs	381	2.27	2452	14.6
R3_T5_BC7.fcs	301	1.39	3288	15.2
R3_T5_BC8.fcs	162	1.68	1494	15.5
R3_T5_BC9.fcs	358	1.64	2644	12.1
R3_T5_BC13.fcs	50.0	1.87	457	17.1
R3_T5_BC14.fcs	237	1.44	1141	6.93
R3_T5_BC18.fcs	133	2.16	846	13.8
R3_T5_BC22.fcs	178	1.99	657	7.33
R3_T5_BC24.fcs	771	1.90	7707	19.0
R3_T5_BC25.fcs	275	1.47	2744	14.7
R3_T5_BC27.fcs	175	3.17	1050	19.0
R3_T5_BC28.fcs	188	1.39	1606	11.9
R3_T5_BC29.fcs	208	1.15	1696	9.36
R3_T5_BC32.fcs	84.0	1.42	552	9.31
R3_T5_BC33.fcs	285	1.76	2015	12.4
R3_T5_BC34.fcs	240	3.50	1144	16.7
Mean	520	3.18	2986	17.6
SD	718	2.09	2910	7.47
